1 149.514836444607 17.7565158806752
2 54.7313839928857 325.173180883944
3 189.725364429716 17.7375142313994
4 295.122333201058 95.2309946770784
5 38.2804022938659 36.0032446652801
6 169.580118583742 17.8620616085978
7 183.574931626153 399.84709145108
8 121.191248382135 118.049218651332
9 157.262522719153 239.711466411857
10 160.380419303778 70.6738731899059
11 295.730049340394 217.832017322682
12 173.346816935529 382.641202783628
13 17.4110503673054 159.056057586931
14 243.552168408508 208.079793315756
15 140.133143467554 290.39119801895
16 207.034380501386 85.7870382068945
17 87.4317619029305 219.791943408794
18 121.442198042608 138.093603018448
19 191.421696003801 218.892126371874
20 365.092154269188 95.5713662300603
21 277.665259872108 84.8176030501115
22 208.69553858173 188.090365486763
23 260.065894133795 95.2440486928543
24 130.34799126559 88.2650689495382
25 140.335604350436 310.429950550754
26 225.367892903485 115.628450240479
27 264.639847044534 364.1693815935
28 59.3385435968295 364.471371324442
29 244.238812291471 270.389015143909
30 121.450513434828 158.205092848954
31 172.64624455832 86.4903449894683
32 34.884950768916 189.294007959261
33 119.44932114831 0.168339479932924
34 380.289663269255 41.010279266479
35 190.254647752971 53.821301528449
36 314.986893161534 382.371406214761
37 313.044507851649 228.086459834082
38 399.885494625486 258.580278734254
39 339.941100581331 0.56603294297882
40 226.11669173657 198.152374141918
41 0.0731287534790382 6.69953902041144
42 59.9062220073892 399.997967727641
43 27.828974984685 18.1880084751902
44 243.352254113195 187.767670888161
45 172.802533596249 106.752022255314
46 157.503773845663 280.066126094149
47 0.190269510828227 333.994865544596
48 213.670389600115 382.010280734005
49 52.7382790380277 281.129484392828
50 294.845522716102 381.945534702835
51 179.767553418994 35.3478795963459
52 330.519862871021 279.15441714514
53 69.7046412619534 189.49059099271
54 244.100766197627 248.555085289185
55 17.422537412464 281.421545296989
56 254.314978056653 381.806774112159
57 157.573968658417 300.242507199404
58 105.245290812956 290.848027224859
59 174.056036901367 208.799736955793
60 122.501242894393 280.57178515574
61 59.2833625756374 0.0382349395047576
62 35.1077959456906 230.473111527341
63 242.972528856593 166.950270611856
64 179.525129061545 0.057285834148622
65 364.762542051682 176.771842527633
66 399.973647183277 399.990180431719
67 191.431502094902 198.851602055348
68 224.933207659032 95.5819482026095
69 52.1265760904564 179.073130713697
70 104.298818156623 188.818998351244
71 69.2535879034422 128.122998202051
72 329.837762672898 75.050998369906
73 194.187353740539 304.685978614248
74 226.408988546461 238.883096229385
75 28.6367976900895 381.27181026035
76 156.721845919224 198.57789443428
77 182.858497880099 364.66817157235
78 399.970520645637 299.161599733571
79 88.8988664843655 17.7084361373843
80 103.988603970414 128.301838712359
81 347.469921988529 186.943269033641
82 312.561441706448 85.2220392306644
83 87.5122280968742 301.845857452786
84 105.227333396368 270.411451939465
85 35.2148357981542 333.308106731687
86 17.2869643082765 323.514420442007
87 278.397488637323 227.861095316094
88 34.6854342714528 148.880642853492
89 35.0198157454869 209.71359867031
90 19.0930232270204 0.111018114619051
91 224.563525397549 55.1268458296518
92 277.804599209362 146.433281082275
93 152.370829330785 382.601104834233
94 279.813018967932 0.0576648599156848
95 156.599433302437 157.66186668109
96 315.661757578769 346.759716961171
97 35.1262505272119 67.3243539520784
98 261.230065900843 259.052486565867
99 312.841749091643 186.719012571513
100 34.7009368500715 87.3593394153323
101 138.900824871674 168.053949973837
102 17.6896094621698 240.891266483841
103 192.528385928913 280.303011434963
104 173.189673953395 127.000890417978
105 382.353838773281 349.813650758568
106 365.139140775396 399.932978845367
107 313.130929159779 269.250650676442
108 99.884983321681 70.9461306785865
109 139.950459917073 270.355237870029
110 225.862101235185 135.875583523731
111 399.977855271644 55.313606775218
112 277.766435556991 166.722540648619
113 139.872977786577 250.11340875397
114 192.993946839071 346.969627363381
115 295.590213407086 279.548411117668
116 364.8041801552 340.080744142301
117 17.8744460883627 302.622371922701
118 399.947937618037 339.525622633714
119 132.132081069979 347.893900633397
120 294.91902703037 115.796987797267
121 129.452162683107 17.7499578215078
122 101.144106451708 399.872353926087
123 190.042441544558 96.3789257733753
124 199.556015156058 0.31577747585967
125 81.1807820737496 330.133380370439
126 173.895527037926 168.220146299539
127 182.638743884119 329.062485225643
128 122.87466233497 300.664133014032
129 312.036626224346 290.964572544683
130 399.96739912451 279.018864638003
131 364.742272733808 115.836839886337
132 34.4799104064894 128.308986475062
133 254.498726835925 346.776732634509
134 170.151404625626 53.1101718095704
135 52.4710867229893 240.448313682706
136 192.449159917354 260.195033291532
137 213.388941050317 311.565387663991
138 313.49249016805 310.938032391439
139 17.2826551968121 97.3083316362518
140 261.082912427297 217.766470496629
141 347.779835641374 268.815382813918
142 139.609793222925 209.158217506244
143 39.2618465723089 0.360944017087822
144 399.847143270685 319.424718945285
145 109.44694973974 17.7645968819898
146 330.295907910363 238.405980348836
147 104.67939906308 250.196268439081
148 225.708576258334 156.824346465861
149 0.00462728324147373 395.943615525075
150 347.255685681459 85.1749044415152
151 324.872348096685 399.774884838731
152 69.3734509405642 148.582762850808
153 17.3284469662878 138.849722661959
154 59.2234139809071 35.6072443680607
155 139.329495410955 188.507514504865
156 121.622333884996 323.412745224483
157 80.0587692345993 399.727070050291
158 105.595195551252 310.858844133732
159 345.104122459474 364.425624941552
160 18.1161432402821 343.88642387009
161 340.235610948216 36.3933181859585
162 254.886105765402 310.986414066266
163 223.748122550201 364.105220541178
164 174.124087846163 188.694539787787
165 325.008512435583 364.842157408527
166 111.146396323275 347.833245089855
167 295.650775427413 259.37326252173
168 330.047928928743 176.421600892869
169 295.609756483281 238.064624849388
170 312.520250461146 166.384176295016
171 152.578715595376 347.347354751114
172 295.36255047498 176.677867756923
173 260.108761072821 156.625449183164
174 319.889631028823 0.139458736574069
175 399.72358558284 156.503000987042
176 139.461263808543 0.397448459022351
177 157.205390934278 219.641676614435
178 119.610297625525 35.2381550246576
179 260.453693755764 136.438635256715
180 70.3020878126457 291.202570335799
181 138.934349108004 147.957437280053
182 47.9890801553778 18.451188862161
183 208.385519102297 167.662552434492
184 150.1845121696 90.8447636545685
185 260.429927013872 115.295114079511
186 259.57369573721 75.1155420213494
187 336.108371453851 346.460059177917
188 174.974256288402 290.129566646789
189 278.617654690571 248.707875671184
190 0.0177945377677675 270.931139798014
191 79.346274759651 0.0277912088140453
192 99.3975347434561 0.415874261802062
193 86.5708758980963 118.069927329675
194 243.964069182068 228.352838924561
195 226.005498610064 177.551613659845
196 285.001532485596 328.929607683227
197 277.493277414188 125.804917374329
198 86.9770603082942 178.805457111023
199 399.852550916215 197.177132699945
200 364.777618867073 136.236027660594
201 34.698237872832 169.194421919572
202 243.325336412206 126.084489322422
203 210.384184780013 271.106016928658
204 364.924151725296 197.067370796855
205 80.439501069686 364.870756250485
206 226.398324396012 218.658575663068
207 203.506887460822 364.545945259293
208 347.462593625349 166.450515848715
209 104.810330662319 230.068142928253
210 382.33208262145 106.011073134222
211 399.948502159884 75.7337824279001
212 242.26640634388 85.2070956203572
213 347.634295929875 289.604846855298
214 155.49024499615 116.7852720765
215 0.00847043505588805 46.8937366777554
216 275.208448154007 311.081494773749
217 279.094069340245 291.095611044332
218 174.680763500725 249.897545127169
219 329.740653473952 95.4665364844651
220 49.6840478853647 382.068645659519
221 17.5866527303486 220.303598853714
222 209.822094036398 291.738784500602
223 335.750528028203 382.123755100339
224 259.701230166069 0.0403846157292316
225 68.8377605887501 17.6428717047685
226 34.6865860879297 107.361519983717
227 137.978245519746 107.025500575072
228 382.49563452904 207.270218888137
229 330.127525978355 299.519513827979
230 241.978053219026 65.1339666526518
231 278.173775291998 43.3023401926238
232 140.198523786373 70.6367758596326
233 344.925674762637 399.895046799754
234 69.9840802493571 209.843247357969
235 284.201606007346 399.808055055066
236 141.912633248065 330.418210692195
237 382.252552563653 329.795380759035
238 156.161464865752 137.532389350031
239 382.503072948732 369.879634703423
240 350.241850646429 18.0596691119334
241 234.208900807404 311.193435296917
242 172.896591423019 347.190185847473
243 203.740921203139 329.349743638416
244 0.039419974148769 210.63101093243
245 162.656604772999 364.760137140127
246 278.326693325736 269.444490680698
247 0.145441205998126 375.010653255319
248 382.345371135243 65.3357672823985
249 330.3313186588 258.915154300033
250 264.074858705221 399.671997546885
251 120.048679562931 70.8890039493152
252 347.472128238759 146.42148417016
253 220.40000583606 35.4865245726454
254 69.6492311863859 230.052371152389
255 79.2850368133332 35.3789172974426
256 399.570097430207 35.2774458730053
257 159.657100709087 35.2598811946914
258 224.024719109659 329.095469287237
259 70.1678711150189 311.881837838314
260 284.739374854671 363.919676193997
261 382.347368685183 146.449401273088
262 69.910910580423 382.423229741699
263 244.057608480918 399.539547454964
264 149.951092960377 52.9003311864154
265 0.000983708454453926 107.378268173909
266 104.25165864653 168.482543457862
267 0.0754570159815374 189.699988333223
268 200.288834379907 35.3496954968374
269 87.6731432766273 280.8904888145
270 399.805877712521 116.318702539058
271 0.012253280598694 66.9306451622631
272 390.31939492714 17.5358117637829
273 278.017215876506 186.93476996317
274 35.2028963542174 271.016975854445
275 295.040773133985 156.638811554706
276 399.984151710546 238.263343320396
277 233.947309181331 381.38172465151
278 227.616269872534 281.754584606245
279 312.948054024516 207.544369889849
280 52.0497157505477 158.888457595953
281 0.0343483267128648 87.0432129832106
282 399.868401865596 217.305685150233
283 53.7061647863289 74.7472833406656
284 347.53666212725 228.089723139961
285 17.6962763699677 260.973487973609
286 364.806024460001 156.47858521516
287 295.004451236405 135.888096743024
288 260.956470316472 197.428923937256
289 224.714168104305 75.2814800152342
290 365.122209469592 258.755347493954
291 274.436211250609 382.255298744934
292 347.634543458841 329.733794063955
293 382.188719332664 126.104706879226
294 382.48058686301 389.895387172707
295 260.019420001549 34.9070227922463
296 207.740945244919 105.990973986794
297 360.237032664171 35.5592741680376
298 18.1598063986887 36.1865927812237
299 300.026556308045 35.3201382922096
300 109.878884365032 53.0940806356547
301 87.2333388882596 199.421578313307
302 69.3772142205684 52.8584575907473
303 213.864301645741 346.708520330364
304 244.087000516455 329.133401537131
305 382.581359692549 288.992445513834
306 249.803630925319 17.5759628352202
307 17.2407905740977 117.596825847926
308 259.179978779913 54.9283298152437
309 51.9460346126097 138.579191181553
310 382.612984899809 227.835077756089
311 0.152325102536929 292.243876586541
312 131.709859749113 382.38437944867
313 347.784078279468 64.9914287394943
314 208.718217573452 146.22926771406
315 399.682887357626 176.842015647147
316 0.0481274645252231 169.316045170006
317 52.6262524843245 260.920227336445
318 52.4387537577654 302.125665301953
319 50.3810251579226 346.405638071315
320 203.611357034689 399.80055948309
321 274.831660812915 346.207099167546
322 209.506659568974 249.693490159565
323 69.2955587369132 107.950296932495
324 365.166131590652 54.9617727690048
325 245.63983581818 293.138356965499
326 100.725777771835 365.197742326754
327 122.131341832419 198.859768073648
328 157.414261654405 259.9939297425
329 101.182307151945 330.427969324393
330 379.97166859158 0.0230405628728496
331 90.6984534851385 382.777483072168
332 295.595969392767 196.885863438388
333 365.186766981025 278.796331812497
334 86.6901659655829 158.642427490053
335 129.935251984677 53.4438532725254
336 320.057460619507 36.5730981221764
337 219.589466448116 0.192418286154076
338 365.184098706053 217.984616632308
339 49.2350260965943 53.0196076529161
340 382.322013879474 248.155526663582
341 103.893377223105 107.766770898256
342 277.812707470837 105.393904518866
343 121.457246531296 399.904433125419
344 70.1170930988719 271.163878563789
345 206.936529843138 65.7133936510117
346 17.4069794234201 179.351717210011
347 312.174341125533 146.201346392881
348 305.116278553146 329.330004875482
349 122.342236563379 239.89024602483
350 364.950807282141 75.4534093676978
351 399.934794583642 95.9363185001611
352 382.416424387335 85.5584654377997
353 264.405364279333 329.077948782605
354 240.615432240221 42.7700785042268
355 162.960790841462 399.794071065407
356 269.872883037005 17.4888151551658
357 359.965111170264 0.447023156382385
358 261.666021436251 280.636482561525
359 330.417219562415 54.2399446756979
360 208.999214780452 208.514628734996
361 330.024970924869 136.225267506419
362 110.142899646629 88.6552331732012
363 312.872995318652 248.831095679593
364 139.642400845158 35.184285557665
365 79.7110369915435 70.2242948212354
366 226.923919469629 259.66845697372
367 139.789444776613 229.648883352698
368 138.639756034764 127.852547942604
369 294.888430184828 346.599291486669
370 329.735339893974 115.501449282512
371 312.320312252577 125.659026834844
372 90.8074054592006 347.759747323452
373 87.6412252357392 260.761857204188
374 0.0231593420894925 148.948910398006
375 261.298836593918 238.340322192121
376 208.955977776722 229.092406294019
377 330.117012577151 197.017714560836
378 209.732069109834 17.694854944291
379 312.306227824765 105.526276271005
380 52.2735564472056 97.0665426717268
381 244.30377180065 364.267438459934
382 188.605569834221 73.8240932756499
383 357.155442499358 380.970801451298
384 382.581027640896 268.623636633656
385 111.169846336669 382.547715061124
386 191.29945395108 178.169441535455
387 121.998754973757 219.704262948338
388 347.27927720093 125.975472091481
389 35.3022658295433 250.75839395233
390 174.584358727985 229.688523952654
391 190.383312047538 116.549852523382
392 234.257545487265 346.786508082285
393 0.199809383246522 312.805758562
394 175.020560781807 310.413465679501
395 0.0864580509706008 128.371348331255
396 295.08855594327 54.8061327360882
397 52.3176671368927 199.433289203624
398 174.806350508935 269.961780486149
399 39.864868738681 399.87239138665
400 347.404073074169 309.715875713916
401 330.050954631157 18.5349272194948
402 304.631030835218 399.689674653365
403 289.906244464299 17.8445681650161
404 278.43438052126 207.47151537871
405 382.347635780839 166.51892518339
406 70.0345853743807 250.815062987287
407 399.870997647752 379.967828855132
408 0.05444489862066 250.866859560156
409 51.7842318326703 118.077838991763
410 70.7380118952245 347.367209152548
411 294.305591141278 304.485908081117
412 260.436466107695 177.013979974189
413 365.186015371516 299.221069381826
414 312.681491686083 64.7116485737867
415 17.5603664403075 199.465737914066
416 0.0353940276820069 230.679356332511
417 229.772802735467 17.800595878453
418 89.8432709288075 52.9156962536582
419 35.6042509406017 313.31175195824
420 295.041057043648 74.8868869137539
421 223.661394071087 399.831930668791
422 208.311333232019 126.219146013718
423 330.220485599166 217.699104578989
424 325.477402343764 328.850956343401
425 159.484567959907 0.161191451840049
426 347.82152553807 248.651233688737
427 17.9841522835603 364.322063764143
428 399.896917457105 136.325916908143
429 309.945176055717 17.8222904577878
430 242.710154358072 105.539645546622
431 17.3460461457859 77.0159445841312
432 0.610534595003892 354.221599961336
433 329.846223456667 156.359240378232
434 104.692480540401 209.594988904741
435 173.691494700686 147.215756399134
436 99.5516961636422 35.1525308508153
437 103.94238255037 148.47404359603
438 121.77885604727 178.741900616843
439 52.3629212879719 219.76709234948
440 364.720261705321 360.261736998246
441 156.415326433118 177.962027240906
442 365.099326557214 319.471275913274
443 121.739320506502 364.982865919774
444 0.233968571728812 26.7891459570931
445 242.855255123199 146.458165916852
446 299.876967297073 0.468397578057598
447 190.766687504805 136.66900227732
448 364.951787807846 238.122441459125
449 193.540052884626 381.895623396442
450 70.0025689451165 87.7464246903529
451 347.756734020391 207.463126564101
452 382.119333285325 186.779996256058
453 162.521851995462 329.859368756678
454 34.9132003727617 292.110528177215
455 382.576502282938 309.157944447555
456 277.518772630322 64.6658067446022
457 370.324338879407 17.9857035745921
458 87.2420484336609 239.806853562813
459 399.914608463336 359.714562099381
460 17.5777793764518 56.7727377040285
461 86.6077242420047 138.202587114194
462 19.6914336536643 399.799596226727
463 38.5678393486363 363.754163741546
464 142.051427348621 399.817767179201
465 192.026239103825 239.836379534981
466 89.272894493098 93.9778532545243
467 191.515654333979 156.688051108566
468 399.980818036202 0.0129056979284064
469 239.62924387743 0.090992854791881
470 142.565066128775 365.038171811604
471 304.992207010573 363.868538587542
472 347.200625838909 105.300449645858
473 69.4464254825548 168.866793414625
474 122.511147210019 260.311004150231
